function rho = sf4pade(r2)
% Function file: rho = sf4pade(r2)
%
% Description: Compute Pade' [8/8] approximation of a 2d vortex density.
%
% Input variables:
%   r2:     square of the radius
%
% Output variables:
%   rho:    density of the approximation
a = zeros(1,4);
b = zeros(1,3);
a(1) = 0.340107907001967147606775060166996;
b(1) = (((((722731008*a(1)-326467584)*a(1)-13427712)*a(1)+11551104)*a(1)+...
     834006)*a(1)-12183)/(((((2972712960*a(1)-1362493440)*a(1)-8744960)*...
                            a(1)+19299840)*a(1)+8788080)*a(1)-174580);
a(2) = a(1)*b(1) - 1/4*a(1);
b(2) = ((((737280*a(1)+209920)*a(1)-134720)*a(1)-8960)*b(1)+...
     ((-364544*a(1)+70144)*a(1)+18256)*a(1)+393)/((2457600*a(1)-537600)*...
                                                  a(1)-105600);
a(3) = a(1)*(192*b(2)-48*b(1)+16*a(1)+5)/192;
b(3) = ((61440*a(1)-9600)*b(2)+((-30720*a(1)+640)*a(1)+560)*b(1)+(8448*a(1)-...
       1056)*a(1)-21)/(368640*a(1)-92160);
a(4) = a(1)*(4608*b(3)-1152*b(2)+(384*a(1)+120)*b(1)-128*a(1)-7)/4608;
rho = (((a(4)*r2+a(3)).*r2+a(2)).*r2+a(1)).*r2./((((a(4)*r2+b(3)).*r2+...
      b(2)).*r2+b(1)).*r2+1);
%!test
%! assert(sf4pade(0),0)
%!test
%! assert(sf4pade(20),9.39509389334079e-01,8*eps)
