function R = rho(x,y,xc,yc)

% 4-th order Padè approx of the 2d vortex
a(1) = 0.34010790700196714760;
b(1) = (2304*a(1)^3 +656*a(1)^2 -421*a(1) - 28)/(7680*a(1)^2 - 1680*a(1) - 330);
a(2) = a(1)*(b(1) - 1/4);
b(2) = ((737280*a(1)^3 + 209920*a(1)^2 - 134720*a(1) - 8960)*b(1) - ...
    364544*a(1)^3 + 70144*a(1)^2 + 18256*a(1) + 393)/( ...
    2457600*a(1)^2 - 537600*a(1) - 105600);
a(3) = (a(1)*(192*b(2) - 48*b(1) + 16*a(1) + 5))/192;
b(3) = ((61440*a(1) - 9600)*b(2) + (-30720*a(1)^2 + 640*a(1) + 560)*b(1) + ...
    8448*a(1)^2 - 1056*a(1) - 21)/(368640*a(1) - 92160);
a(4) = (4608*a(1)*b(3) - 1152*a(1)*b(2) + (384*a(1)^2 + 120*a(1))*b(1) - ...
    128*a(1)^2 - 7*a(1))/4608;

R = (a(1).*((x - xc).^2 + (y - yc).^2) + a(2).*((x - xc).^2 + (y - yc).^2).^2 + ...
              a(3).*((x - xc).^2 + (y - yc).^2).^3 + a(4).*((x - xc).^2 + (y - yc).^2).^4) ./ ...
             (1 + b(1).*((x - xc).^2 + (y - yc).^2) + b(2).*((x - xc).^2 + (y - yc).^2).^2 + ...
              b(3).*((x - xc).^2 + (y - yc).^2).^3 + a(4).*((x - xc).^2 + (y - yc).^2).^4);
end